1.000000000000000021e-08 9.067134107055261839e-10
1.366448349295324446e-08 9.807063444059432557e-10
1.867181091291920556e-08 1.060808097071084346e-09
2.551406520031287309e-08 1.147539903567530636e-09
3.486365227678087515e-08 1.241471482532957762e-09
4.763938010401340525e-08 1.343226392147025211e-09
6.509675230458164353e-08 1.453488164114340724e-09
8.895134973108236455e-08 1.573007283330006853e-09
1.215474250076285934e-07 1.702609190446381697e-09
1.660882782627716702e-07 1.843203459026596717e-09
2.269510536694668486e-07 1.995794338965751357e-09
3.101168926574775373e-07 2.161492887583778133e-09
4.237587160604063450e-07 2.341530945403955565e-09
5.790443980602482835e-07 2.537277250504964091e-09
7.912342618981326683e-07 2.750256035459255836e-09
1.081180751076607852e-06 2.982168503863961428e-09
1.477377652598509739e-06 3.234917656897113329e-09
2.018760254679038866e-06 3.510637012687721884e-09
2.758531617629186828e-06 3.811723875380583877e-09
3.769390975388363596e-06 4.140877943045142795e-09
5.150678076168121817e-06 4.501146197930871743e-09
7.038135554931546946e-06 4.895975253037427908e-09
9.617248711152965042e-06 5.329272623580076393e-09
1.314147362611758016e-05 5.805478736780990526e-09
1.795714494371640995e-05 6.329651980700555480e-09
2.453751106639816756e-05 6.907569763093038132e-09
3.352924149249553301e-05 7.545849345766335101e-09
4.581597669054490870e-05 8.252093272833739290e-09
6.260516572014828503e-05 9.035065702569759596e-09
8.554672535565684285e-05 9.904907821892225366e-09
1.168951816498577648e-04 1.087340294427634796e-08
1.597312280060255514e-04 1.195430520442476815e-08
2.182644728397487152e-04 1.316375023100412504e-08
2.982471286216887858e-04 1.452077208947452204e-08
4.075392965871777796e-04 1.604795858139793477e-08
5.568813990945266964e-04 1.777228767274939762e-08
7.609496685459883397e-04 1.972620183835900095e-08
1.039798418481489893e-03 2.194899573400358891e-08
1.420830832533920805e-03 2.448861611506440503e-08
1.941491945743881696e-03 2.740400252516513136e-08
2.652948464431894443e-03 3.076812836155318365e-08
3.625117049988535196e-03 3.467193323447535890e-08
4.953535208959169642e-03 3.922935315297675436e-08
6.768750009458527304e-03 4.458361506295215411e-08
9.249147277217335122e-03 5.091482101474736191e-08
1.263848202934297199e-02 5.844851581997493343e-08
1.726983290659436093e-02 6.746432418790504639e-08
2.359833466782193870e-02 7.830299093626845048e-08
3.224590545296397714e-02 9.137004554388473385e-08
4.406236427773572994e-02 1.071371290124822016e-07
6.020894493336125669e-02 1.261511081962205793e-07
8.227241341700473887e-02 1.490762366723018691e-07
1.124210035062086221e-01 1.767977253432387417e-07
1.536174946671829689e-01 2.105700118750449083e-07
2.099103720108554672e-01 2.521158690540847018e-07
2.868316813342008942e-01 3.036560365149206205e-07
3.919406774847221109e-01 3.681776237336250414e-07
5.355666917706896069e-01 4.501021659761508437e-07
7.318242219076181998e-01 5.559020847642332374e-07
1.000000000000000000e+00 6.955997901135900176e-07
